iteration area_1 area_2 adjust_area_1 adjust_area_2 total_weight
        0   1.0000000   1.0000000   0.7070000   0.7070000  35.2681797
        1   0.7070000   0.4141500   0.7734580   0.4530801  31.6632260
        2   0.7734580   0.3203450   0.8152247   0.3376437  30.3511404
        3   0.8152247   0.2610812   0.8441652   0.2703496  29.7161486
        4   0.8441652   0.2203525   0.8648473   0.2257512  29.3377996
        5   0.8648473   0.1906049   0.8812794   0.1942264  29.1216352
        6   0.8812794   0.1680183   0.8936173   0.1703705  28.9553161
        7   0.8936173   0.1501243   0.9038939   0.1518507  28.8459551
        8   0.9038939   0.1357124   0.9124809   0.1370016  28.7680915
        9   0.9124809   0.1238375   0.9193245   0.1247663  28.6973750
       10   0.9193245   0.1138686   0.9253001   0.1146088  28.6469875
       11   0.9253001   0.1053854   0.9303892   0.1059650  28.6042257
       12   0.9303892   0.0980611   0.9350412   0.0985514  28.5756688
       13   0.9350412   0.0916871   0.9387813   0.0920539  28.5411100
       14   0.9387813   0.0860942   0.9425365   0.0864386  28.5260308
       15   0.9425365   0.0811869   0.9453641   0.0814304  28.4978308
       16   0.9453641   0.0767622   0.9482002   0.0769925  28.4821877
       17   0.9482002   0.0728089   0.9510448   0.0730274  28.4769987
       18   0.9510448   0.0692413   0.9534224   0.0694144  28.4662078
       19   0.9534224   0.0660216   0.9553292   0.0661536  28.4497087
       20   0.9553292   0.0630506   0.9572399   0.0631767  28.4394489
       21   0.9572399   0.0603394   0.9591544   0.0604601  28.4349201
       22   0.9591544   0.0578655   0.9605931   0.0579523  28.4214451
       23   0.9605931   0.0555798   0.9620340   0.0556632  28.4127547
       24   0.9620340   0.0534678   0.9634770   0.0535480  28.4078820
       25   0.9634770   0.0515162   0.9649222   0.0515935  28.4065417
       26   0.9649222   0.0497131   0.9658872   0.0497629  28.3942922
       27   0.9658872   0.0480229   0.9668531   0.0480709  28.3850658
       28   0.9668531   0.0464381   0.9678199   0.0464846  28.3781476
       29   0.9678199   0.0449753   0.9687877   0.0450203  28.3738936
       30   0.9687877   0.0436036   0.9697565   0.0436472  28.3716356
       31   0.9697565   0.0423173   0.9707263   0.0423596  28.3712525
       32   0.9707263   0.0410901   0.9716970   0.0411312  28.3721747
