iteration area_1 area_2 adjust_area_1 adjust_area_2 total_weight
        0   1.0000000   1.0000000   0.7070000   0.7070000  33.8541797
        1   0.7070000   0.4141500   0.7734580   0.4530801  30.7570658
        2   0.7734580   0.3203450   0.8152247   0.3376437  29.6758531
        3   0.8152247   0.2610812   0.8441652   0.2703496  29.1754494
        4   0.8441652   0.2203525   0.8648473   0.2257512  28.8862972
        5   0.8648473   0.1906049   0.8812794   0.1942264  28.7331823
        6   0.8812794   0.1680183   0.8936173   0.1703705  28.6145751
        7   0.8936173   0.1501243   0.9038939   0.1518507  28.5422537
        8   0.9038939   0.1357124   0.9124809   0.1370016  28.4940882
        9   0.9124809   0.1238375   0.9193245   0.1247663  28.4478424
       10   0.9193245   0.1138686   0.9253001   0.1146088  28.4177700
       11   0.9253001   0.1053854   0.9303892   0.1059650  28.3922956
       12   0.9303892   0.0980611   0.9350412   0.0985514  28.3785660
       13   0.9350412   0.0916871   0.9387813   0.0920539  28.3570022
       14   0.9387813   0.0860942   0.9425365   0.0864386  28.3531536
       15   0.9425365   0.0811869   0.9453641   0.0814304  28.3349699
       16   0.9453641   0.0767622   0.9482002   0.0769925  28.3282028
       17   0.9482002   0.0728089   0.9510448   0.0730274  28.3309440
