iteration area_1 area_2 adjust_area_1 adjust_area_2 total_weight
        0   1.0000000   1.0000000   0.7070000   0.7070000  33.5713797
        1   0.7070000   0.4141500   0.7734580   0.4530801  30.5758337
        2   0.7734580   0.3203450   0.8152247   0.3376437  29.5407956
        3   0.8152247   0.2610812   0.8441652   0.2703496  29.0673096
        4   0.8441652   0.2203525   0.8648473   0.2257512  28.7959968
        5   0.8648473   0.1906049   0.8812794   0.1942264  28.6554918
        6   0.8812794   0.1680183   0.8936173   0.1703705  28.5464269
        7   0.8936173   0.1501243   0.9038939   0.1518507  28.4815134
        8   0.9038939   0.1357124   0.9124809   0.1370016  28.4392875
        9   0.9124809   0.1238375   0.9193245   0.1247663  28.3979358
       10   0.9193245   0.1138686   0.9253001   0.1146088  28.3719265
       11   0.9253001   0.1053854   0.9303892   0.1059650  28.3499096
       12   0.9303892   0.0980611   0.9350412   0.0985514  28.3391454
       13   0.9350412   0.0916871   0.9387813   0.0920539  28.3201807
       14   0.9387813   0.0860942   0.9425365   0.0864386  28.3185781
       15   0.9425365   0.0811869   0.9453641   0.0814304  28.3023978
       16   0.9453641   0.0767622   0.9482002   0.0769925  28.2974058
       17   0.9482002   0.0728089   0.9510448   0.0730274  28.3017331
