iteration area_1 area_2 adjust_area_1 adjust_area_2 total_weight
        0   1.0000000   1.0000000   0.7070000   0.7070000  32.1573797
        1   0.7070000   0.4141500   0.7734580   0.4530801  29.6696735
        2   0.7734580   0.3203450   0.8152247   0.3376437  28.8655083
        3   0.8152247   0.2610812   0.8441652   0.2703496  28.5266105
        4   0.8441652   0.2203525   0.8648473   0.2257512  28.3444944
        5   0.8648473   0.1906049   0.8812794   0.1942264  28.2670389
        6   0.8812794   0.1680183   0.8936173   0.1703705  28.2056858
        7   0.8936173   0.1501243   0.9038939   0.1518507  28.1778119
        8   0.9038939   0.1357124   0.9124809   0.1370016  28.1652843
        9   0.9124809   0.1238375   0.9193245   0.1247663  28.1484032
       10   0.9193245   0.1138686   0.9253001   0.1146088  28.1427089
       11   0.9253001   0.1053854   0.9303892   0.1059650  28.1379796
       12   0.9303892   0.0980611   0.9350412   0.0985514  28.1420425
