iteration area_1 area_2 adjust_area_1 adjust_area_2 total_weight
        0   1.0000000   1.0000000   0.7070000   0.7070000  32.4401797
        1   0.7070000   0.4141500   0.7734580   0.4530801  29.8509056
        2   0.7734580   0.3203450   0.8152247   0.3376437  29.0005657
        3   0.8152247   0.2610812   0.8441652   0.2703496  28.6347503
        4   0.8441652   0.2203525   0.8648473   0.2257512  28.4347949
        5   0.8648473   0.1906049   0.8812794   0.1942264  28.3447295
        6   0.8812794   0.1680183   0.8936173   0.1703705  28.2738340
        7   0.8936173   0.1501243   0.9038939   0.1518507  28.2385522
        8   0.9038939   0.1357124   0.9124809   0.1370016  28.2200849
        9   0.9124809   0.1238375   0.9193245   0.1247663  28.1983097
       10   0.9193245   0.1138686   0.9253001   0.1146088  28.1885525
       11   0.9253001   0.1053854   0.9303892   0.1059650  28.1803656
       12   0.9303892   0.0980611   0.9350412   0.0985514  28.1814631
