iteration area_1 area_2 adjust_area_1 adjust_area_2 total_weight
        0   1.0000000   1.0000000   0.7070000   0.7070000  34.4197797
        1   0.7070000   0.4141500   0.7734580   0.4530801  31.1195299
        2   0.7734580   0.3203450   0.8152247   0.3376437  29.9459680
        3   0.8152247   0.2610812   0.8441652   0.2703496  29.3917291
        4   0.8441652   0.2203525   0.8648473   0.2257512  29.0668982
        5   0.8648473   0.1906049   0.8812794   0.1942264  28.8885635
        6   0.8812794   0.1680183   0.8936173   0.1703705  28.7508715
        7   0.8936173   0.1501243   0.9038939   0.1518507  28.6637343
        8   0.9038939   0.1357124   0.9124809   0.1370016  28.6036895
        9   0.9124809   0.1238375   0.9193245   0.1247663  28.5476554
       10   0.9193245   0.1138686   0.9253001   0.1146088  28.5094570
       11   0.9253001   0.1053854   0.9303892   0.1059650  28.4770676
       12   0.9303892   0.0980611   0.9350412   0.0985514  28.4574071
       13   0.9350412   0.0916871   0.9387813   0.0920539  28.4306453
       14   0.9387813   0.0860942   0.9425365   0.0864386  28.4223044
       15   0.9425365   0.0811869   0.9453641   0.0814304  28.4001143
       16   0.9453641   0.0767622   0.9482002   0.0769925  28.3897967
       17   0.9482002   0.0728089   0.9510448   0.0730274  28.3893659
       18   0.9510448   0.0692413   0.9534224   0.0694144  28.3829105
       19   0.9534224   0.0660216   0.9553292   0.0661536  28.3703243
       20   0.9553292   0.0630506   0.9572399   0.0631767  28.3636369
       21   0.9572399   0.0603394   0.9591544   0.0604601  28.3623680
       22   0.9591544   0.0578655   0.9605931   0.0579523  28.3519024
       23   0.9605931   0.0555798   0.9620340   0.0556632  28.3459589
       24   0.9620340   0.0534678   0.9634770   0.0535480  28.3436245
       25   0.9634770   0.0515162   0.9649222   0.0515935  28.3446295
