iteration area_1 area_2 adjust_area_1 adjust_area_2 total_weight
        0   1.0000000   1.0000000   0.7070000   0.7070000  34.9853797
        1   0.7070000   0.4141500   0.7734580   0.4530801  31.4819939
        2   0.7734580   0.3203450   0.8152247   0.3376437  30.2160829
        3   0.8152247   0.2610812   0.8441652   0.2703496  29.6080088
        4   0.8441652   0.2203525   0.8648473   0.2257512  29.2474991
        5   0.8648473   0.1906049   0.8812794   0.1942264  29.0439446
        6   0.8812794   0.1680183   0.8936173   0.1703705  28.8871679
        7   0.8936173   0.1501243   0.9038939   0.1518507  28.7852148
        8   0.9038939   0.1357124   0.9124809   0.1370016  28.7132908
        9   0.9124809   0.1238375   0.9193245   0.1247663  28.6474685
       10   0.9193245   0.1138686   0.9253001   0.1146088  28.6011440
       11   0.9253001   0.1053854   0.9303892   0.1059650  28.5618397
       12   0.9303892   0.0980611   0.9350412   0.0985514  28.5362482
       13   0.9350412   0.0916871   0.9387813   0.0920539  28.5042884
       14   0.9387813   0.0860942   0.9425365   0.0864386  28.4914553
       15   0.9425365   0.0811869   0.9453641   0.0814304  28.4652586
       16   0.9453641   0.0767622   0.9482002   0.0769925  28.4513907
       17   0.9482002   0.0728089   0.9510448   0.0730274  28.4477878
       18   0.9510448   0.0692413   0.9534224   0.0694144  28.4384420
       19   0.9534224   0.0660216   0.9553292   0.0661536  28.4232472
       20   0.9553292   0.0630506   0.9572399   0.0631767  28.4141783
       21   0.9572399   0.0603394   0.9591544   0.0604601  28.4107360
       22   0.9591544   0.0578655   0.9605931   0.0579523  28.3982642
       23   0.9605931   0.0555798   0.9620340   0.0556632  28.3904895
       24   0.9620340   0.0534678   0.9634770   0.0535480  28.3864629
       25   0.9634770   0.0515162   0.9649222   0.0515935  28.3859043
       26   0.9649222   0.0497131   0.9658872   0.0497629  28.3743871
       27   0.9658872   0.0480229   0.9668531   0.0480709  28.3658374
       28   0.9668531   0.0464381   0.9678199   0.0464846  28.3595538
       29   0.9678199   0.0449753   0.9687877   0.0450203  28.3558854
       30   0.9687877   0.0436036   0.9697565   0.0436472  28.3541768
       31   0.9697565   0.0423173   0.9707263   0.0423596  28.3543087
