iteration area_1 area_2 adjust_area_1 adjust_area_2 total_weight
        0   1.0000000   1.0000000   0.7070000   0.7070000  40.6413797
        1   0.7070000   0.4141500   0.7734580   0.4530801  35.1066347
        2   0.7734580   0.3203450   0.8152247   0.3376437  32.9172322
        3   0.8152247   0.2610812   0.8441652   0.2703496  31.7708054
        4   0.8441652   0.2203525   0.8648473   0.2257512  31.0535084
        5   0.8648473   0.1906049   0.8812794   0.1942264  30.5977561
        6   0.8812794   0.1680183   0.8936173   0.1703705  30.2501319
        7   0.8936173   0.1501243   0.9038939   0.1518507  30.0000208
        8   0.9038939   0.1357124   0.9124809   0.1370016  29.8093040
        9   0.9124809   0.1238375   0.9193245   0.1247663  29.6455991
       10   0.9193245   0.1138686   0.9253001   0.1146088  29.5180141
       11   0.9253001   0.1053854   0.9303892   0.1059650  29.4095599
       12   0.9303892   0.0980611   0.9350412   0.0985514  29.3246597
       13   0.9350412   0.0916871   0.9387813   0.0920539  29.2407196
       14   0.9387813   0.0860942   0.9425365   0.0864386  29.1829642
       15   0.9425365   0.0811869   0.9453641   0.0814304  29.1167020
       16   0.9453641   0.0767622   0.9482002   0.0769925  29.0673304
       17   0.9482002   0.0728089   0.9510448   0.0730274  29.0320066
       18   0.9510448   0.0692413   0.9534224   0.0694144  28.9937572
       19   0.9534224   0.0660216   0.9553292   0.0661536  28.9524761
       20   0.9553292   0.0630506   0.9572399   0.0631767  28.9195918
       21   0.9572399   0.0603394   0.9591544   0.0604601  28.8944168
       22   0.9591544   0.0578655   0.9605931   0.0579523  28.8618827
       23   0.9605931   0.0555798   0.9620340   0.0556632  28.8357950
       24   0.9620340   0.0534678   0.9634770   0.0535480  28.8148467
       25   0.9634770   0.0515162   0.9649222   0.0515935  28.7986522
       26   0.9649222   0.0497131   0.9658872   0.0497629  28.7724899
       27   0.9658872   0.0480229   0.9668531   0.0480709  28.7504048
       28   0.9668531   0.0464381   0.9678199   0.0464846  28.7314304
       29   0.9678199   0.0449753   0.9687877   0.0450203  28.7160480
       30   0.9687877   0.0436036   0.9697565   0.0436472  28.7033543
       31   0.9697565   0.0423173   0.9707263   0.0423596  28.6931855
       32   0.9707263   0.0410901   0.9716970   0.0411312  28.6847716
       33   0.9716970   0.0399396   0.9721828   0.0399595  28.6643016
       34   0.9721828   0.0388412   0.9731550   0.0388801  28.6602786
       35   0.9731550   0.0378119   0.9736416   0.0378308  28.6434037
       36   0.9736416   0.0368288   0.9746152   0.0368657  28.6427589
       37   0.9746152   0.0359081   0.9751026   0.0359261  28.6291059
       38   0.9751026   0.0350104   0.9755901   0.0350279  28.6166699
       39   0.9755901   0.0341701   0.9760779   0.0341872  28.6059193
       40   0.9760779   0.0333672   0.9765659   0.0333838  28.5962638
       41   0.9765659   0.0325997   0.9770542   0.0326160  28.5876540
       42   0.9770542   0.0318662   0.9775427   0.0318821  28.5800429
       43   0.9775427   0.0311652   0.9785203   0.0311963  28.5876659
