iteration area_1 area_2 adjust_area_1 adjust_area_2 total_weight
        0   1.0000000   1.0000000   0.7070000   0.7070000  27.0669798
        1   0.7070000   0.6090441   0.7253820   0.6248793  26.7656939
        2   0.7253820   0.5709789   0.7366254   0.5798290  26.6332036
        3   0.7366254   0.5478878   0.7436234   0.5530927  26.5637723
        4   0.7436234   0.5329820   0.7480851   0.5361799  26.5208412
        5   0.7480851   0.5231846   0.7510774   0.5252773  26.4964512
        6   0.7510774   0.5170295   0.7533307   0.5185805  26.4932146
        7   0.7533307   0.5128476   0.7544607   0.5136169  26.4755390
        8   0.7544607   0.5098308   0.7555924   0.5105956  26.4773353
