iteration area_1 area_2 adjust_area_1 adjust_area_2 total_weight
        0   1.0000000   1.0000000   0.7964423   0.7964423  30.4912134
        1   0.7070000   0.7964423   0.7416702   0.8354986  29.3325871
        2   0.6928600   0.8354986   0.7108477   0.8571894  28.6777040
        3   0.6845457   0.8571894   0.6937607   0.8687285  28.3098017
        4   0.6804384   0.8687285   0.6856725   0.8754111  28.1478590
        5   0.6780569   0.8754111   0.6806648   0.8787780  28.0398877
        6   0.6767008   0.8787780   0.6780021   0.8804680  27.9814754
        7   0.6760241   0.8804680   0.6766741   0.8813146  27.9523792
        8   0.6756860   0.8813146   0.6756860   0.8813146  27.9244333
        9   0.6756860   0.8813146   0.6756860   0.8813146  27.9244333
