iteration area_1 area_2 adjust_area_1 adjust_area_2 total_weight
        0   1.0000000   1.0000000   0.7070000   0.7070000  27.0669798
        1   0.7070000   0.5752083   0.7324520   0.5959158  26.6760294
        2   0.7324520   0.5252771   0.7481997   0.5365705  26.5279889
        3   0.7481997   0.4942711   0.7583004   0.5009438  26.4574124
        4   0.7583004   0.4743630   0.7651251   0.4786322  26.4273288
        5   0.7651251   0.4608568   0.7697159   0.4636219  26.4070719
        6   0.7697159   0.4515757   0.7731796   0.4536078  26.4048988
        7   0.7731796   0.4453038   0.7754991   0.4466397  26.4008246
        8   0.7754991   0.4406652   0.7770501   0.4415465  26.3937619
        9   0.7770501   0.4376050   0.7782157   0.4382614  26.3938783
