iteration area_1 area_2 adjust_area_1 adjust_area_2 total_weight
        0   1.0000000   1.0000000   0.7070000   0.7070000  27.0669798
        1   0.7070000   0.5916429   0.7289170   0.6099838  26.7167240
        2   0.7289170   0.5472696   0.7424020   0.5573941  26.5722399
        3   0.7424020   0.5202971   0.7509396   0.5262805  26.5025838
        4   0.7509396   0.5028300   0.7565716   0.5066012  26.4650891
        5   0.7565716   0.4913367   0.7603545   0.4937934  26.4440065
        6   0.7603545   0.4836157   0.7630157   0.4853083  26.4344274
        7   0.7630157   0.4784341   0.7649233   0.4796302  26.4315991
        8   0.7649233   0.4746750   0.7660707   0.4753870  26.4216201
        9   0.7660707   0.4719625   0.7672198   0.4726705  26.4269568
