iteration area_1 area_2 adjust_area_1 adjust_area_2 total_weight
        0   1.0000000   1.0000000   0.7070000   0.7070000  27.0669798
        1   0.7070000   0.6679839   0.7140700   0.6746637  26.9435867
        2   0.7140700   0.6523617   0.7179974   0.6559497  26.8675294
        3   0.7179974   0.6428919   0.7205104   0.6451420  26.8305312
        4   0.7205104   0.6371888   0.7219514   0.6384632  26.8045012
        5   0.7219514   0.6335918   0.7230343   0.6345422  26.7959208
        6   0.7230343   0.6315479   0.7237574   0.6321795  26.7927445
        7   0.7237574   0.6300200   0.7241192   0.6303350  26.7845352
        8   0.7241192   0.6290038   0.7241192   0.6290038  26.7712235
        9   0.7241192   0.6284966   0.7244813   0.6288108  26.7795339
