iteration area_1 area_2 adjust_area_1 adjust_area_2 total_weight
        0   1.0000000   1.0000000   0.7669444   0.7669444  29.3619092
        1   0.7070000   0.7669444   0.7305667   0.7925093  28.5886384
        2   0.6971020   0.7925093   0.7100113   0.8071854  28.1540057
        3   0.6915252   0.8071854   0.6985685   0.8154067  27.9125678
        4   0.6884133   0.8154067   0.6922378   0.8199367  27.7788101
        5   0.6866923   0.8199367   0.6885998   0.8222143  27.6986859
        6   0.6860056   0.8222143   0.6872760   0.8237369  27.6764697
        7   0.6853196   0.8237369   0.6859541   0.8244997  27.6467098
        8   0.6849769   0.8244997   0.6849769   0.8244997  27.6190700
        9   0.6849769   0.8244997   0.6849769   0.8244997  27.6190700
