iteration area_1 area_2 adjust_area_1 adjust_area_2 total_weight
        0   1.0000000   1.0000000   0.7070000   0.7070000  27.0669798
        1   0.7070000   0.6902500   0.7098280   0.6930110  27.0070777
        2   0.7098280   0.6833475   0.7116026   0.6850559  26.9777189
        3   0.7116026   0.6793613   0.7126700   0.6803803  26.9611544
        4   0.7126700   0.6770968   0.7133826   0.6777739  26.9552469
        5   0.7133826   0.6754040   0.7137393   0.6757417  26.9450143
        6   0.7137393   0.6742784   0.7140962   0.6746155  26.9438457
        7   0.7140962   0.6737165   0.7140962   0.6737165  26.9348554
        8   0.7140962   0.6737165   0.7140962   0.6737165  26.9348554
