iteration area_1 area_2 adjust_area_1 adjust_area_2 total_weight
        0   1.0000000   1.0000000   0.8283000   0.8283000  31.7108619
        1   0.7070000   0.8283000   0.7529550   0.8821395  30.1181785
        2   0.6882645   0.8821395   0.7109772   0.9112501  29.2219739
        3   0.6775964   0.9112501   0.6891155   0.9267414  28.7585445
        4   0.6721756   0.9267414   0.6782252   0.9350820  28.5339262
        5   0.6694869   0.9350820   0.6721649   0.9388224  28.3999173
        6   0.6678132   0.9388224   0.6691488   0.9407000  28.3333873
        7   0.6671454   0.9407000   0.6678125   0.9416407  28.3049982
        8   0.6668118   0.9416407   0.6674786   0.9425823  28.3049703
        9   0.6668118   0.9425823   0.6667451   0.9424881  28.2832814
       10   0.6664784   0.9424881   0.6664784   0.9424881  28.2757373
       11   0.6664784   0.9424881   0.6664784   0.9424881  28.2757373
