iteration area_1 area_2 adjust_area_1 adjust_area_2 total_weight
        0   1.0000000   1.0000000   0.7070000   0.7070000  27.0669798
        1   0.7070000   0.5596622   0.7356335   0.5823285  26.6301423
        2   0.7356335   0.5044522   0.7536565   0.5168113  26.4847388
        3   0.7536565   0.4703676   0.7653382   0.4776583  26.4236165
        4   0.7653382   0.4478027   0.7733742   0.4525046  26.3993733
        5   0.7733742   0.4326742   0.7791746   0.4359193  26.3975774
        6   0.7791746   0.4221497   0.7830704   0.4242605  26.3911811
        7   0.7830704   0.4144483   0.7858112   0.4158989  26.3850855
        8   0.7858112   0.4088477   0.7877757   0.4098698  26.3803597
        9   0.7877757   0.4049802   0.7893513   0.4057902  26.3841267
