iteration area_1 area_2 adjust_area_1 adjust_area_2 total_weight
        0   1.0000000   1.0000000   0.7070000   0.7070000  27.0669798
        1   0.7070000   0.6275000   0.7214935   0.6403638  26.8105554
        2   0.7214935   0.5961250   0.7305122   0.6035766  26.6977700
        3   0.7305122   0.5771574   0.7359910   0.5814861  26.6318301
        4   0.7359910   0.5653519   0.7396710   0.5681787  26.6028408
        5   0.7396710   0.5576426   0.7418900   0.5593155  26.5769722
        6   0.7418900   0.5525731   0.7433738   0.5536782  26.5625672
        7   0.7433738   0.5496428   0.7444888   0.5504672  26.5619960
        8   0.7444888   0.5475608   0.7448611   0.5478346  26.5461980
        9   0.7448611   0.5463163   0.7452335   0.5465895  26.5442811
       10   0.7452335   0.5454886   0.7456061   0.5457613  26.5465387
