iteration area_1 area_2 adjust_area_1 adjust_area_2 total_weight
        0   1.0000000   1.0000000   0.7395536   0.7395536  28.3132696
        1   0.7070000   0.7395536   0.7202563   0.7534202  27.9061252
        2   0.7016975   0.7534202   0.7092157   0.7614926  27.6745745
        3   0.6985399   0.7614926   0.7022820   0.7655720  27.5192556
        4   0.6964442   0.7655720   0.6989315   0.7683062  27.4518311
        5   0.6957478   0.7683062   0.6969902   0.7696781  27.4106415
        6   0.6950520   0.7696781   0.6956726   0.7703654  27.3802471
        7   0.6947045   0.7703654   0.6953248   0.7710532  27.3772870
        8   0.6947045   0.7710532   0.6947045   0.7710532  27.3597431
        9   0.6943572   0.7710532   0.6943572   0.7710532  27.3499185
       10   0.6943572   0.7710532   0.6943572   0.7710532  27.3499185
