iteration area_1 area_2 adjust_area_1 adjust_area_2 total_weight
        0   1.0000000   1.0000000   0.7070000   0.7070000  27.0669798
        1   0.7070000   0.6471094   0.7179585   0.6571396  26.8783287
        2   0.7179585   0.6233483   0.7244201   0.6289585  26.7792800
        3   0.7244201   0.6087386   0.7284044   0.6120867  26.7232554
        4   0.7284044   0.5997026   0.7309539   0.6018016  26.6925131
        5   0.7309539   0.5940804   0.7324158   0.5952686  26.6685319
        6   0.7324158   0.5908315   0.7335144   0.5917178  26.6640978
        7   0.7335144   0.5885236   0.7342479   0.5891121  26.6587881
        8   0.7342479   0.5871443   0.7346150   0.5874378  26.6524289
        9   0.7346150   0.5862268   0.7346150   0.5862268  26.6403191
       10   0.7346150   0.5857689   0.7349823   0.5860617  26.6490570
